# oST version 5.0 parameters


[image]

width
640

height
480

[narrow_stereo]

camera matrix
572.644992 0.000000 355.794119
0.000000 569.703840 256.636293
0.000000 0.000000 1.000000

distortion
-0.004318 -0.066490 0.004001 0.004029 0.000000

rectification
1.000000 0.000000 0.000000
0.000000 1.000000 0.000000
0.000000 0.000000 1.000000

projection
566.590027 0.000000 359.179309 0.000000
0.000000 567.903137 258.098126 0.000000
0.000000 0.000000 1.000000 0.000000

