image_width: 640
image_height: 480
camera_name: narrow_stereo
camera_matrix:
  rows: 3
  cols: 3
  data: [572.644992, 0.000000, 355.794119, 0.000000, 569.703840, 256.636293, 0.000000, 0.000000, 1.000000]
distortion_model: plumb_bob
distortion_coefficients:
  rows: 1
  cols: 5
  data: [-0.004318, -0.066490, 0.004001, 0.004029, 0.000000]
rectification_matrix:
  rows: 3
  cols: 3
  data: [1.000000, 0.000000, 0.000000, 0.000000, 1.000000, 0.000000, 0.000000, 0.000000, 1.000000]
projection_matrix:
  rows: 3
  cols: 4
  data: [566.590027, 0.000000, 359.179309, 0.000000, 0.000000, 567.903137, 258.098126, 0.000000, 0.000000, 0.000000, 1.000000, 0.000000]
